0.00
0.00
0.00
0.00
1320.00
1500.00
1740.00
2460.00
2520.00
2580.00
2580.00
2460.00
2580.00
2520.00
2520.00
2640.00
2820.00
2820.00
2820.00
2940.00
3060.00
3060.00
3120.00
3180.00
3000.00
2700.00
2580.00
2640.00
2640.00
2760.00
2820.00
2940.00
2940.00
2880.00
2880.00
2940.00
3060.00
3180.00
3120.00
3180.00
3180.00
3180.00
3180.00
3180.00
3180.00
3180.00
3180.00
3180.00
3480.00
3540.00
3600.00
3600.00
3780.00
3780.00
3780.00
4020.00
4020.00
4080.00
4020.00
4020.00
4080.00
3060.00
1920.00
1680.00
1620.00
1620.00
1560.00
1200.00
0.00
0.00
