0.00
0.00
0.00
0.00
0.00
0.00
0.00
0.00
0.00
0.00
0.00
0.00
1560.00
2280.00
2340.00
2340.00
2340.00
2580.00
2580.00
2640.00
3000.00
3120.00
3180.00
3600.00
3660.00
3900.00
4020.00
4140.00
4440.00
4500.00
4680.00
4740.00
4740.00
4920.00
4920.00
4980.00
5160.00
5220.00
5340.00
5280.00
5340.00
5340.00
5400.00
5400.00
5400.00
5400.00
5580.00
5640.00
5640.00
5640.00
5580.00
5700.00
5640.00
5820.00
5820.00
5940.00
5940.00
6000.00
6060.00
6120.00
6180.00
6180.00
6360.00
6420.00
6420.00
6480.00
6540.00
6600.00
6660.00
6720.00
6720.00
6960.00
6900.00
6960.00
6900.00
7140.00
7140.00
7140.00
7140.00
7200.00
7200.00
7320.00
7320.00
7260.00
7440.00
7380.00
7440.00
7500.00
7440.00
7500.00
7440.00
7500.00
7440.00
7440.00
7500.00
7440.00
7440.00
7500.00
7440.00
7500.00
7440.00
4980.00
720.00
0.00
0.00
0.00
0.00
0.00
0.00
0.00
0.00
0.00
0.00
